52,5
52,4
52,3
52,2
52,1
52,0
51,3
51,2
51,1
51,0
50,3
50,2
50,1
50,0
49,3
49,2
49,1
49,0
48,5
48,4
48,3
48,2
48,1
48,0
47,3
47,2
47,1
47,0
46,3
46,2
46,1
46,0
45,3
45,2
45,1
45,0
44,5
44,4
44,3
44,2
44,1
44,0
43,3
43,2
43,1
43,0
42,3
42,2
42,1
42,0
41,3
41,2
41,1
41,0
40,5
40,4
40,3
40,2
40,1
40,0
39,3
39,2
39,1
39,0
38,3
38,2
38,1
38,0
37,3
37,2
37,1
37,0
36,5
36,4
36,3
36,2
36,1
36,0
35,3
35,2
35,1
35,0
34,3
34,2
34,1
34,0
33,3
33,2
33,1
33,0
32,5
32,4
32,3
32,2
32,1
32,0
31,3
31,2
31,1
31,0
30,3
30,2
30,1
30,0
29,3
29,2
29,1
29,0
28,5
28,4
28,3
28,2
28,1
28,0
27,3
27,2
27,1
27,0
15,2
26,3
26,2
26,1
26,0
14,2
25,3
25,2
25,1
25,0
16,5
16,4
16,2
24,5
24,4
24,3
24,2
24,1
24,0
23,3
23,2
23,1
23,0
22,3
22,2
22,1
22,0
21,3
21,2
21,1
21,0
20,5
20,4
20,3
20,2
20,1
20,0
19,3
19,2
19,1
19,0
11,2
18,3
18,2
18,1
18,0
10,2
17,3
17,2
17,1
17,0
12,5
12,4
12,2
10,1
10,3
12,1
12,3
11,1
11,3
4,3
4,2
4,1
3,6
3,5
3,4
3,3
3,2
3,1
2,2
1,2
0,243
1,1
1,3
15,1
15,3
14,1
14,3
16,1
16,3
2,1
2,3
0,9
0,310
0,305
14,0
16,0
15,0
10,0
12,0
11,0
3,0
1,0
2,0
4,0
0,308
0,304
0,303
0,302
0,307
0,12
0,10
0,8
0,0
0,436
0,300
0,425
0,299
0,424
0,298
0,423
0,297
0,435
0,296
0,422
0,295
0,421
0,294
0,420
0,293
0,434
0,292
0,419
0,291
0,418
0,290
0,417
0,289
0,416
0,288
0,415
0,287
0,414
0,286
0,413
0,285
0,412
0,284
0,411
0,283
0,410
0,282
0,409
0,281
0,407
0,280
0,406
0,279
0,405
0,278
0,404
0,277
0,403
0,276
0,402
0,275
0,401
0,274
0,433
0,273
0,400
0,272
0,399
0,271
0,398
0,270
0,397
0,269
0,396
0,268
0,395
0,267
0,394
0,266
0,393
0,265
0,392
0,264
0,391
0,263
0,390
0,262
0,389
0,261
0,388
0,260
0,387
0,259
0,386
0,258
0,385
0,257
0,384
0,256
0,432
0,255
0,437
0,254
0,382
0,253
0,381
0,252
0,383
0,251
0,380
0,250
0,379
0,249
0,378
0,248
0,377
0,247
0,376
0,246
0,375
0,245
0,431
0,244
0,374
0,242
0,373
0,241
0,372
0,240
0,430
0,239
0,371
0,238
0,370
0,237
0,369
0,236
0,368
0,235
0,367
0,234
0,366
0,233
0,365
0,232
0,364
0,231
0,363
0,230
0,361
0,229
0,360
0,228
0,362
0,227
0,359
0,226
0,358
0,225
0,357
0,224
0,356
0,223
0,355
0,222
0,354
0,221
0,429
0,220
0,353
0,219
0,352
0,218
0,351
0,217
0,428
0,216
0,350
0,215
0,349
0,214
0,348
0,213
0,346
0,212
0,345
0,211
0,347
0,210
0,344
0,209
0,343
0,208
0,342
0,207
0,340
0,206
0,339
0,205
0,341
0,204
0,338
0,203
0,337
0,202
0,336
0,201
0,334
0,200
0,333
0,199
0,335
0,198
0,331
0,197
0,330
0,196
0,332
0,195
0,329
0,194
0,328
0,193
0,327
0,192
0,326
0,63
0,325
0,62
0,324
0,61
0,427
0,60
0,323
0,59
0,321
0,58
0,320
0,57
0,426
0,56
0,319
0,55
0,318
0,54
0,317
0,53
0,316
0,52
0,315
0,51
0,314
0,50
0,313
0,49
0,312
0,48
0,311
0,47
0,309
0,46
0,306
0,45
0,301
0,6
0,5
0,1
0,11
0,4
0,2
0,3
0,7
